============================================================================================================================================================
Value-Weighted Results (Inc. Sharpe, Information Ratio, Capture)
============================================================================================================================================================
Signal                     Daily                               Weekly                             Monthly                            Quarterly              
Portfolio         Top 20      Btm 20         L-S      Top 20      Btm 20         L-S      Top 20      Btm 20         L-S      Top 20      Btm 20         L-S
------------------------------------------------------------------------------------------------------------------------------------------------------------
alpha            0.153**      -0.049      0.203*       0.083       0.005       0.078      0.129*      -0.010       0.138      0.133*       0.020       0.113
                  (2.18)     (-0.47)      (1.72)      (1.01)      (0.04)      (0.64)      (1.76)     (-0.09)      (1.14)      (1.82)      (0.21)      (1.04)
mkt               0.260*    0.481***      -0.221       0.187    0.455***     -0.269*     0.284**    0.516***      -0.232      0.230*    0.429***      -0.198
                  (1.93)      (2.92)     (-1.21)      (1.33)      (2.95)     (-1.65)      (2.13)      (2.83)     (-1.23)      (1.69)      (2.62)     (-1.03)
smb               -0.133      -0.264       0.131      -0.044       0.016      -0.060       0.004      -0.195       0.198      -0.029      -0.151       0.121
                 (-0.73)     (-0.97)      (0.41)     (-0.21)      (0.06)     (-0.20)      (0.02)     (-0.77)      (0.61)     (-0.13)     (-0.73)      (0.42)
hml               -0.152      -0.145      -0.008      -0.162      -0.212       0.050      -0.254      -0.100      -0.154     -0.313*      -0.197      -0.117
                 (-0.82)     (-0.66)     (-0.03)     (-0.93)     (-0.99)      (0.21)     (-1.47)     (-0.41)     (-0.59)     (-1.74)     (-1.04)     (-0.58)
rmw               -0.307      -0.141      -0.166      -0.164      -0.102      -0.061      -0.118      -0.139       0.022      -0.139       0.030      -0.169
                 (-1.45)     (-0.62)     (-0.53)     (-0.70)     (-0.46)     (-0.22)     (-0.54)     (-0.51)      (0.06)     (-0.56)      (0.13)     (-0.50)
cma               -0.278     -0.566*       0.288      -0.347      -0.246      -0.101      -0.284      -0.332       0.049      -0.110      -0.083      -0.027
                 (-1.03)     (-1.88)      (0.79)     (-1.32)     (-0.76)     (-0.27)     (-1.14)     (-0.95)      (0.13)     (-0.39)     (-0.27)     (-0.07)
mom               -0.073   -0.481***     0.408**      -0.051     -0.319*       0.268      -0.109      -0.264       0.155      -0.007      -0.230       0.223
                 (-0.73)     (-3.03)      (2.45)     (-0.44)     (-1.86)      (1.50)     (-1.11)     (-1.55)      (0.86)     (-0.07)     (-1.53)      (1.39)
Sharpe              2.14       -0.20        1.83        1.12        0.46        0.48        1.72        0.36        1.06        1.73        0.58        0.95
Information Ratio        1.32       -1.46        0.68       -0.06       -0.67       -0.59        0.78       -0.81       -0.04        0.85       -0.65       -0.18
Up Capture          1.75        1.00        0.33        1.41        1.18        0.08        1.59        1.12        0.19        1.70        0.87        0.40
Down Capture        1.27        1.42       -0.27        1.33        1.35       -0.00        1.27        1.34       -0.10        1.32        1.09        0.42
Obs                  209         209         209         209         209         209         209         209         209         209         209         209
============================================================================================================================================================